3,2
3,1
3,3
10,232
10,138
10,34
10,80
10,20
10,128
10,64
10,14
11,18
11,12
11,22
11,16
9,4
9,2
9,3
8,10
8,7
8,12
8,6
8,8
8,11
8,2
8,3
61,3
61,2
61,1
61,0
59,6
59,5
59,4
59,3
59,2
59,1
59,0
57,3
57,2
57,1
57,0
53,6
53,5
53,4
53,3
53,2
53,1
53,0
45,3
45,2
45,1
45,0
42,3
42,2
42,1
42,0
41,3
41,1
33,3
33,1
32,5
32,4
32,3
32,2
32,1
32,0
31,17
31,16
31,15
31,14
31,13
31,12
31,11
31,10
31,9
31,8
31,7
31,6
31,5
31,4
31,3
31,2
31,1
31,0
30,3
30,1
25,3
25,1
24,3
24,1
20,3
20,2
20,1
19,3
19,2
19,1
12,3
12,2
12,1
11,26
11,25
18,1
11,23
18,3
11,20
11,17
11,15
11,14
14,1
11,13
14,3
11,6
11,3
13,1
11,2
13,3
11,1
10,303
10,284
10,278
10,277
